cam0:
  T_cam_imu:
  - [-0.014486992117184683, 0.9955179369041435, -0.09345675128911099, 0.07545387656805673]
  - [-0.9940861138545952, -0.0042794788593359945, 0.108510295834826, -0.043584278001676996]
  - [0.10762399965094027, 0.09447604650286028, 0.9896925539460848, 0.02850358954522412]
  - [0.0, 0.0, 0.0, 1.0]
  cam_overlaps: [1]
  camera_model: pinhole
  distortion_coeffs: [-0.28732959921638296, 0.07985513011167435, 8.470283716818299e-05,
    -0.0007499616966423626]
  distortion_model: radtan
  intrinsics: [467.1681015696494, 465.95863725887324, 388.59123758205635, 242.84404218365532]
  resolution: [752, 480]
  rostopic: /cam0/image_raw
cam1:
  T_cam_imu:
  - [-0.016919950069411438, 0.9953747810394584, -0.09456617027404265, -0.034774956384872116]
  - [-0.9924345101581733, -0.0052161736492910005, 0.12266431665145125, -0.04281189119015513]
  - [0.12160369376279523, 0.09592620498649493, 0.9879325406423931, 0.02846312029933273]
  - [0.0, 0.0, 0.0, 1.0]
  T_cn_cnm1:
  - [0.9999964147057578, 0.002298798966137579, -0.0013733531745236335, -0.11008922544018232]
  - [-0.002279212037735962, 0.9998980292514108, 0.014097385985724301, 0.0005380917700374198]
  - [0.0014056201890015765, -0.014094205279360068, 0.9998996837730404, -0.0007579551266842523]
  - [0.0, 0.0, 0.0, 1.0]
  cam_overlaps: [0]
  camera_model: pinhole
  distortion_coeffs: [-0.28732959921638296, 0.07985513011167435, 8.470283716818299e-05,
    -0.0007499616966423626]
  distortion_model: radtan
  intrinsics: [468.1681015696494, 465.95863725887324, 388.59123758205635, 242.84404218365532]
  resolution: [752, 480]
  rostopic: /cam1/image_raw
